FRAGMENTORUM LUCILIANORUM.

1 11991919919991 66, 99 1199 9119 9991 1191 ,
boo missum 1. 77, 79 1191911991191 “
1199999 91911. 97, 8 11919Τ91991199
9991991119 99, 16 huno 9919111.

’ 1199199111. 69, 69 bunocine ego
Homerus 91191 98, 165 buno iuga
119911999 ipsi 48, 1 11999 laborem
bomo impuratus 7, 11 11999 911111
bomine 919199 89, 79 11999 9191919
119991991991 88, 1 11999 91 quid

- 11911919191191 94,119 11191919 ego 99.
1191191911191. 99, 19 11191919 9199 eugio
Hostilius 999119 6, 9 11191919191191 58, · 48

1991999 meu! 91, 99 1911919911 85, 19
1991 disrumpetur 16, 5 insumam 4, 19
1919 puerei 98, 6 infantibus 194, 99
199111991. 58, 81 inguen 99 ex· 84, 91
1119119119 41, 1 iniuriarum, 6, 4
id 91199 991999 54, 77 1991911119 67, 85
111991 epulo 87, 11 19 11199119 99911. 85, 98
11199 aegri 87, 1 19 9919919 89, 4
idque 1919 1. 74, 89 19 1991199119 44, 5
111991919 91, 11 19999991 199991 57, 99
1119 91191 19, 99 1991191919119 991 86, 4 .
1119999119 , 56, 9 1999119 9119. 69, 65
1111 praeciso 46, 6 insperato 91111 78, 96
1119 1191111. 79, 1 1919199 9191 99, 94
11199 99911 53, 65 1919199911911. 88, 59
111911911 18, 89 1919919969 96, 1
1191191111 androgyni 78, 19 19111199 19, 14
119119191111111191. 91, 86. 19999199199 p. 48, 1
improbior 919119 79, 19 ipsa 99991 88, 94
119111911999991. 81, 8 ipse 9999 ·’ 89, 19
impune peo. 91, 4 1119991191 doru. 75, 54
inbonis porro 54, 1 119 9111. or, 86
19 bulgum 7, 16 11111919 99999 4, 99
19 9999911919 69, 8 19111919 Hortensi 89, 61
19119 999199 78, 88 iugerum 98158
19119 9199991911. 19, 8 19191991 99 991 76, 69

ι L.
labora ’ 89, 19 199199119 Con 98, 199
rubroque 11911991 191, 999 Laelius paup. 19,. 19

1111111111 1191111. 9

 

